# The modifications of the output file from Kalibr:
# 1. For each matrix (e.g. cam0/T_cam_imu), remove the brackets and minus sign for each line. Use one pair of brackets for each matrix.
# 2. Add the T_imu_body at the end of the calibration file (usually set to identity).
cam0:
  T_cam_imu:
   [0.022320789375969596, -0.9997390995582554, 0.004849244898113891, 0.22067885913398919,
  -0.04322827089099368, -0.005811035206751303, -0.9990483213867087, 0.13180245256803597,
  0.998815848371164, 0.02208992268601634, -0.043346699508928666, -0.7293130876468676,
  0.0, 0.0, 0.0, 1.0]
  camera_model: pinhole
  distortion_coeffs: [0.27997568600694883, 0.08414314551888508, 0.5460269548251012, -0.47892835659666444]
  distortion_model: equidistant
  intrinsics: [265.8251740499223, 266.02837448801847, 325.7959660301409, 174.24802299193007]
  resolution: [640, 360]
  timeshift_cam_imu: 0.08140089931412792
cam1:
  T_cam_imu:
   [0.020638020451022088, -0.9997751937382078, 0.004861491293071285, 0.10190592020623043,
  -0.04365159702491678, -0.005758953897729013, -0.9990302160231082, 0.1321410061467805,
  0.9988336248790575, 0.02040579417060856, -0.04376063728088622, -0.7288929031514612,
  0.0, 0.0, 0.0, 1.0]
  T_cn_cnm1:
    [0.9999985834179853, 6.071819515972016e-05, -0.0016821044298309063, -0.12000740990055905,
    -6.142889711629771e-05, 0.9999999088773533, -0.00042245918725794323, 4.401663360176927e-05,
    0.0016820786255937288, 0.00042256191862981784, 0.9999984960253248, -7.806262310714048e-06,
    0.0, 0.0, 0.0, 1.0]
  camera_model: pinhole
  distortion_coeffs: [0.2692900979647767, 0.16774741379617486, 0.33928590457973723, -0.3241003414503595]
  distortion_model: equidistant
  intrinsics: [265.94454852270866, 266.1855863542513, 326.38675156756955, 174.53636772168406]
  resolution: [640, 360]
  timeshift_cam_imu: 0.08137504237634317
T_imu_body:
  [1.0000, 0.0000, 0.0000, 0.0000,
  0.0000, 1.0000, 0.0000, 0.0000,
  0.0000, 0.0000, 1.0000, 0.0000,
  0.0000, 0.0000, 0.0000, 1.0000]

